[/home/im/study/c/c-in-a-nutshell.pdf]
page=4
offset=0
zoom=0.76541850220264318
rotate=0
pages-per-row=1
first-page-column=1:2
page-right-to-left=false
position-x=0.25646551724137934
position-y=0.0075016487009193448
time=1656563509
jumplist=

[+8RLCes7HypSWcAkiZHdwyqmCfzsVpfGQbSXKEjgYIY=]
page=4
offset=0
zoom=0.76541850220264318
rotate=0
pages-per-row=1
first-page-column=1:2
page-right-to-left=false
position-x=0.25646551724137934
position-y=0.0075016487009193448
time=1656563509
